dados<-c(12,23,45,67,89,10)
